epoch:0 accuracy:0.502237 
epoch:0 accuracy:0.505016 
epoch:1 accuracy:0.498848 
